{
    "anova_results": {
        "basic_features_zero_crossings": {
            "f_statistic": 41.055145192962904,
            "p_value": 4.0343307490556365e-23
        },
        "basic_features_rms_energy": {
            "f_statistic": 132.37384844049933,
            "p_value": 2.122567325906249e-59
        },
        "basic_features_spectral_centroid": {
            "f_statistic": 51.36022398765438,
            "p_value": 4.648041895101916e-28
        },
        "basic_features_spectral_rolloff": {
            "f_statistic": 45.06354282845684,
            "p_value": 4.484205422469994e-25
        },
        "mel_features_mel_mean": {
            "f_statistic": 2.022896553949895,
            "p_value": 0.11014798410263232
        },
        "mel_features_mel_std": {
            "f_statistic": 40.06470427218951,
            "p_value": 1.2455437964412464e-22
        },
        "mel_features_mel_skewness": {
            "f_statistic": 148.89639234461336,
            "p_value": 1.3373355419392016e-64
        },
        "mfcc_features_mfcc_means": {
            "f_statistic": 160.71335154298026,
            "p_value": 3.893354690162426e-68
        },
        "mfcc_features_mfcc_stds": {
            "f_statistic": 8.103788643133582,
            "p_value": 2.9928531937142533e-05
        }
    },
    "effect_sizes": {
        "basic_features_zero_crossings": {
            "matrix": [
                [
                    0.0,
                    0.6704978544064446,
                    1.0725811375606293,
                    -0.5624312042076409
                ],
                [
                    -0.6704978544064446,
                    0.0,
                    0.42596283712970434,
                    -0.9792113969681482
                ],
                [
                    -1.0725811375606293,
                    -0.42596283712970434,
                    0.0,
                    -1.1911814440157253
                ],
                [
                    0.5624312042076409,
                    0.9792113969681482,
                    1.1911814440157253,
                    0.0
                ]
            ],
            "emotions": [
                "Angry",
                "Happy",
                "Neutral",
                "Sad"
            ]
        },
        "basic_features_rms_energy": {
            "matrix": [
                [
                    0.0,
                    1.2718782948037077,
                    -1.3773816736157671,
                    1.3421480144805171
                ],
                [
                    -1.2718782948037077,
                    0.0,
                    -2.0470779189026524,
                    0.45542547147828727
                ],
                [
                    1.3773816736157671,
                    2.0470779189026524,
                    0.0,
                    2.072644788964189
                ],
                [
                    -1.3421480144805171,
                    -0.45542547147828727,
                    -2.072644788964189,
                    0.0
                ]
            ],
            "emotions": [
                "Angry",
                "Happy",
                "Neutral",
                "Sad"
            ]
        },
        "basic_features_spectral_centroid": {
            "matrix": [
                [
                    0.0,
                    0.9298393908888523,
                    1.9640554594710078,
                    -0.4159827947737958
                ],
                [
                    -0.9298393908888523,
                    0.0,
                    0.9069596489299596,
                    -0.8798807550094495
                ],
                [
                    -1.9640554594710078,
                    -0.9069596489299596,
                    0.0,
                    -1.311041320264094
                ],
                [
                    0.4159827947737958,
                    0.8798807550094495,
                    1.311041320264094,
                    0.0
                ]
            ],
            "emotions": [
                "Angry",
                "Happy",
                "Neutral",
                "Sad"
            ]
        },
        "basic_features_spectral_rolloff": {
            "matrix": [
                [
                    0.0,
                    0.815477488021059,
                    1.9887587618199865,
                    -0.35811615675070957
                ],
                [
                    -0.815477488021059,
                    0.0,
                    0.9300935228062932,
                    -0.7582215368081183
                ],
                [
                    -1.9887587618199865,
                    -0.9300935228062932,
                    0.0,
                    -1.2378441124316135
                ],
                [
                    0.35811615675070957,
                    0.7582215368081183,
                    1.2378441124316135,
                    0.0
                ]
            ],
            "emotions": [
                "Angry",
                "Happy",
                "Neutral",
                "Sad"
            ]
        },
        "mel_features_mel_mean": {
            "matrix": [
                [
                    0.0,
                    -0.1467143027777609,
                    0.12043036254749338,
                    0.1370928135280629
                ],
                [
                    0.1467143027777609,
                    0.0,
                    0.32072861776013467,
                    0.3055088011222571
                ],
                [
                    -0.12043036254749338,
                    -0.32072861776013467,
                    0.0,
                    0.04191127764269448
                ],
                [
                    -0.1370928135280629,
                    -0.3055088011222571,
                    -0.04191127764269448,
                    0.0
                ]
            ],
            "emotions": [
                "Angry",
                "Happy",
                "Neutral",
                "Sad"
            ]
        },
        "mel_features_mel_std": {
            "matrix": [
                [
                    0.0,
                    -0.08417568934365768,
                    -1.1024953353803106,
                    0.6882913234835686
                ],
                [
                    0.08417568934365768,
                    0.0,
                    -0.917333522686761,
                    0.7190382875889353
                ],
                [
                    1.1024953353803106,
                    0.917333522686761,
                    0.0,
                    1.2669293103442973
                ],
                [
                    -0.6882913234835686,
                    -0.7190382875889353,
                    -1.2669293103442973,
                    0.0
                ]
            ],
            "emotions": [
                "Angry",
                "Happy",
                "Neutral",
                "Sad"
            ]
        },
        "mel_features_mel_skewness": {
            "matrix": [
                [
                    0.0,
                    -0.7106138212126379,
                    -0.9391366288289439,
                    -2.194664942030471
                ],
                [
                    0.7106138212126379,
                    0.0,
                    -0.1958435410905786,
                    -1.7981069900932132
                ],
                [
                    0.9391366288289439,
                    0.1958435410905786,
                    0.0,
                    -1.7079594747368294
                ],
                [
                    2.194664942030471,
                    1.7981069900932132,
                    1.7079594747368294,
                    0.0
                ]
            ],
            "emotions": [
                "Angry",
                "Happy",
                "Neutral",
                "Sad"
            ]
        },
        "mfcc_features_mfcc_means": {
            "matrix": [
                [
                    0.0,
                    1.2701398251390599,
                    -0.7298180536007135,
                    2.049638586427249
                ],
                [
                    -1.2701398251390599,
                    0.0,
                    -1.8861200438000056,
                    1.0762974697782093
                ],
                [
                    0.7298180536007135,
                    1.8861200438000056,
                    0.0,
                    2.4910179476788077
                ],
                [
                    -2.049638586427249,
                    -1.0762974697782093,
                    -2.4910179476788077,
                    0.0
                ]
            ],
            "emotions": [
                "Angry",
                "Happy",
                "Neutral",
                "Sad"
            ]
        },
        "mfcc_features_mfcc_stds": {
            "matrix": [
                [
                    0.0,
                    0.34360954723091774,
                    0.00954662661986753,
                    0.5431534175261834
                ],
                [
                    -0.34360954723091774,
                    0.0,
                    -0.3864258918665637,
                    0.20958041325042143
                ],
                [
                    -0.00954662661986753,
                    0.3864258918665637,
                    0.0,
                    0.6163942281465087
                ],
                [
                    -0.5431534175261834,
                    -0.20958041325042143,
                    -0.6163942281465087,
                    0.0
                ]
            ],
            "emotions": [
                "Angry",
                "Happy",
                "Neutral",
                "Sad"
            ]
        }
    },
    "tukey_results": {
        "basic_features_zero_crossings": "    Multiple Comparison of Means - Tukey HSD, FWER=0.05    \n===========================================================\n group1  group2 meandiff p-adj    lower      upper   reject\n-----------------------------------------------------------\n  Angry   Happy -1061.05 0.0037 -1858.4054 -263.6946   True\n  Angry Neutral -1546.44    0.0 -2343.7954 -749.0846   True\n  Angry     Sad  1615.76    0.0   818.4046 2413.1154   True\n  Happy Neutral  -485.39 0.3967 -1282.7454  311.9654  False\n  Happy     Sad  2676.81    0.0  1879.4546 3474.1654   True\nNeutral     Sad   3162.2    0.0  2364.8446 3959.5554   True\n-----------------------------------------------------------",
        "basic_features_rms_energy": " Multiple Comparison of Means - Tukey HSD, FWER=0.05  \n======================================================\n group1  group2 meandiff p-adj   lower   upper  reject\n------------------------------------------------------\n  Angry   Happy  -0.0367    0.0 -0.0535   -0.02   True\n  Angry Neutral   0.0627    0.0  0.0459  0.0795   True\n  Angry     Sad  -0.0578    0.0 -0.0746 -0.0411   True\n  Happy Neutral   0.0994    0.0  0.0827  0.1162   True\n  Happy     Sad  -0.0211 0.0069 -0.0378 -0.0043   True\nNeutral     Sad  -0.1205    0.0 -0.1373 -0.1038   True\n------------------------------------------------------",
        "basic_features_spectral_centroid": "    Multiple Comparison of Means - Tukey HSD, FWER=0.05    \n===========================================================\n group1  group2  meandiff p-adj    lower     upper   reject\n-----------------------------------------------------------\n  Angry   Happy  -252.492 0.0002 -405.8479  -99.1362   True\n  Angry Neutral -466.2231    0.0  -619.579 -312.8673   True\n  Angry     Sad  227.0015 0.0009   73.6457  380.3574   True\n  Happy Neutral -213.7311 0.0021  -367.087  -60.3752   True\n  Happy     Sad  479.4936    0.0  326.1377  632.8494   True\nNeutral     Sad  693.2247    0.0  539.8688  846.5805   True\n-----------------------------------------------------------",
        "basic_features_spectral_rolloff": "    Multiple Comparison of Means - Tukey HSD, FWER=0.05     \n============================================================\n group1  group2  meandiff p-adj    lower      upper   reject\n------------------------------------------------------------\n  Angry   Happy -453.7002 0.0012  -765.8435 -141.5569   True\n  Angry Neutral -938.9741    0.0 -1251.1174 -626.8308   True\n  Angry     Sad  390.9156 0.0073    78.7723  703.0589   True\n  Happy Neutral -485.2739 0.0004  -797.4172 -173.1306   True\n  Happy     Sad  844.6158    0.0   532.4725 1156.7591   True\nNeutral     Sad 1329.8897    0.0  1017.7464  1642.033   True\n------------------------------------------------------------",
        "mel_features_mel_mean": " Multiple Comparison of Means - Tukey HSD, FWER=0.05 \n=====================================================\n group1  group2 meandiff p-adj   lower  upper  reject\n-----------------------------------------------------\n  Angry   Happy   0.6104 0.6559 -0.7536 1.9745  False\n  Angry Neutral  -0.4342 0.8444 -1.7983 0.9298  False\n  Angry     Sad  -0.5709  0.702  -1.935 0.7931  False\n  Happy Neutral  -1.0446 0.1989 -2.4087 0.3194  False\n  Happy     Sad  -1.1814 0.1158 -2.5454 0.1827  False\nNeutral     Sad  -0.1367 0.9939 -1.5008 1.2273  False\n-----------------------------------------------------",
        "mel_features_mel_std": " Multiple Comparison of Means - Tukey HSD, FWER=0.05  \n======================================================\n group1  group2 meandiff p-adj   lower   upper  reject\n------------------------------------------------------\n  Angry   Happy   0.1052 0.9735  -0.527  0.7373  False\n  Angry Neutral   1.1958    0.0  0.5637   1.828   True\n  Angry     Sad  -1.4747    0.0 -2.1068 -0.8425   True\n  Happy Neutral   1.0907 0.0001  0.4585  1.7228   True\n  Happy     Sad  -1.5798    0.0  -2.212 -0.9477   True\nNeutral     Sad  -2.6705    0.0 -3.3027 -2.0383   True\n------------------------------------------------------",
        "mel_features_mel_skewness": " Multiple Comparison of Means - Tukey HSD, FWER=0.05 \n=====================================================\n group1  group2 meandiff p-adj   lower  upper  reject\n-----------------------------------------------------\n  Angry   Happy   0.1302 0.0067  0.0271 0.2332   True\n  Angry Neutral    0.167 0.0002  0.0639 0.2701   True\n  Angry     Sad   0.7735    0.0  0.6704 0.8766   True\n  Happy Neutral   0.0369 0.7928 -0.0662 0.1399  False\n  Happy     Sad   0.6433    0.0  0.5402 0.7464   True\nNeutral     Sad   0.6065    0.0  0.5034 0.7095   True\n-----------------------------------------------------",
        "mfcc_features_mfcc_means": "    Multiple Comparison of Means - Tukey HSD, FWER=0.05    \n===========================================================\n group1  group2  meandiff p-adj    lower     upper   reject\n-----------------------------------------------------------\n  Angry   Happy  -52.7773    0.0  -71.3211  -34.2334   True\n  Angry Neutral   26.9146 0.0012    8.3708   45.4584   True\n  Angry     Sad -119.1784    0.0 -137.7222 -100.6346   True\n  Happy Neutral   79.6919    0.0    61.148   98.2357   True\n  Happy     Sad  -66.4011    0.0  -84.9449  -47.8573   True\nNeutral     Sad  -146.093    0.0 -164.6368 -127.5491   True\n-----------------------------------------------------------",
        "mfcc_features_mfcc_stds": "  Multiple Comparison of Means - Tukey HSD, FWER=0.05  \n=======================================================\n group1  group2 meandiff p-adj   lower    upper  reject\n-------------------------------------------------------\n  Angry   Happy  -7.0506 0.0481 -14.0618 -0.0393   True\n  Angry Neutral  -0.1795 0.9999  -7.1908  6.8317  False\n  Angry     Sad -11.1625 0.0003 -18.1737 -4.1512   True\n  Happy Neutral    6.871 0.0572  -0.1402 13.8823  False\n  Happy     Sad  -4.1119 0.4306 -11.1231  2.8994  False\nNeutral     Sad -10.9829 0.0004 -17.9942 -3.9717   True\n-------------------------------------------------------"
    }
}